   
polynomial+exponential technical complexity
paramp1 = [0.0008098138198704709, 0.33191096183621893, 2.04554522815507, -0.06518063799007756]
paramg1 = [0.000681610151932643, 0.5362195752859042, 1.64427827554268, -0.042953588587521775]
   
polynomial+stirling technical complexity
paramp2 = [0.0011114601370329968, 0.271979994277351, 1.869475121595135, -0.008315395974492731]
paramg2 = [0.000837944566654573, 0.5158113283069632, 1.5047632000578157, -0.005414520981809018]
   
