   
LEBNorm =(p[1] *(GDPPCNorm)^(p[2]))-p[3]
param1 = [1.0076160810637402, 0.2878208314692545, -0.5638506324585023]
param2 = [0.5983535580061461, 0.3754967529617422, -0.04835043131342934]
   
param3 = [1.631664186102319, 0.21885669185897078, -1.2930233267962488]
param4 = [0.5617083731261144, 0.38664085964024053, 0.002469783708515124]
   
param5 = [1.2781416681538242, 0.2524386369414365, -0.8859322198184525]
   
Best Retained Match = model5  LEBNorm =(1.27814 *(GDPPCNorm)^(0.252439))-0.885932
   
